3040
2954
18628
11393
22069
24574
14907
14727
10338
9025
25724
31975
31486
2571
22556
16708
27571
17695
22202
14864
10959
13055
12188
7205
12263
22452
5379
22811
10848
20380
29072
16481
30813
32038
10468
3686
1441
8585
3084
228
14214
32445
16284
13027
12288
4757
20691
11799
28056
17182
24877
26587
7440
30447
26410
23249
26384
8133
12262
15715
29334
25974
31879
10674
3311
25758
29450
13513
28919
28705
13134
31746
18787
20432
28371
16571
17834
1643
27011
4039
6433
5038
14215
20765
27855
2541
4222
6893
17808
21385
19171
25637
4205
27484
26772
386
25203
13071
22622
14903
13761
7687
9724
5300
19125
29277
11183
24157
23244
15182
30545
4387
20492
30958
9151
7199
1936
8048
23289
9489
23334
22756
17093
25649
32046
12721
23204
10864
24691
29911
32194
5123
7114
27876
580
25620
10873
6209
21858
23707
21659
1390
1547
22160
24562
7651
2467
26306
24232
6585
6674
18951
25085
20436
25861
10241
18972
13161
3962
3112
1866
7031
1260
24726
27462
28416
18242
30220
1491
7590
32514
6870
18948
20722
18182
8075
18573
5929
20582
15480
32262
1209
8286
28357
14138
23651
8077
23371
27456
28192
12079
22315
13372
1833
18052
19244
6248
4646
2801
30715
22766
7472
19259
4498
6783
27499
21966
2234
26094
15601
8277
31966
9054
21324
18723
10121
19272
724
10113
18652
4050
8589
3082
16740
11627
7959
13848
31990
16056
6606
30231
19231
27550
28448
22220
7454
25493
24941
12278
17229
13268
29042
11909
19097
31878
30812
26467
20138
30035
24034
17886
21891
15753
30023
14204
20590
17456
6732
25509
24094
14359
26695
25454
22405
21801
10631
11342
8010
29114
20621
28572
25134
23795
25145
25960
29062
3166
26861
12049
8020
27539
31302
2537
19775
22282
11782
6596
10177
25473
16141
1946
8498
5994
23391
6504
22489
3698
17557
30110
6496
32191
11741
27919
2300
9787
27919
8179
19920
1530
11945
13543
32183
4457
19622
27027
11805
22465
11396
17251
32740
6153
3189
8941
21744
11371
7364
382
1346
11231
14227
7171
21138
7647
15564
3081
23490
27734
23340
24736
31846
12468
30388
9965
2136
29221
16107
3508
22157
24939
10511
3593
17869
30921
26030
14413
14056
13006
13356
14823
26497
11882
6266
3447
29301
28759
21679
20942
7950
25841
28700
1416
12509
17000
24359
5726
5482
5286
11792
13894
3926
770
14334
6881
15168
11591
11215
19635
16427
16454
16616
24395
24915
27246
28471
20317
26034
18317
26681
21
17263
8061
23853
31008
9333
25785
22740
4593
11955
4715
22410
13640
29195
17877
29458
22050
4965
1790
31946
28104
16274
4425
7358
25853
6667
17369
30555
15044
18557
27415
19320
24235
14162
558
10060
16282
393
32354
24256
27108
24212
3410
3771
23080
1206
13487
19953
21935
26281
27656
28756
17981
11602
13885
16924
24736
27620
3439
12615
4390
15176
14088
31770
21858
8383
7206
7665
1979
27567
4836
16187
19073
4550
10461
25240
8931
10148
16709
17938
13947
19763
26713
32411
1717
12560
31563
32688
12698
20101
24071
1923
25689
23671
23522
29946
129
10628
2762
29866
12340
22423
10226
27372
17897
20124
16619
32410
6336
13414
7568
3570
2823
8903
267
4916
11277
156
30597
3097
17291
13746
1129
8944
32240
7321
19439
5224
29138
7372
18847
24003
15161
26685
20417
14413
19150
24879
10484
20076
12735
22710
29204
9636
14713
21835
10270
21688
10783
6701
15035
23251
23817
7327
26349
27192
27110
2297
8189
17887
23321
7742
4783
19832
15279
11555
32715
29092
21444
17895
13022
32680
26487
28111
7652
7142
30731
18471
30696
30170
12759
12716
31299
18592
21018
19396
23194
16232
25593
13597
28009
2081
29575
2837
29717
17671
4973
6501
24344
23136
10308
6353
14445
14711
3045
17640
5928
9663
17936
9641
22808
7360
24482
14843
4850
20461
25882
13219
21400
1462
1336
27379
2142
17703
29380
32679
8441
11364
30313
24462
19403
13057
16406
31596
29479
11854
2986
27880
648
4638
8380
19986
28233
15647
2440
19106
7848
874
18093
11988
4471
12502
30568
4460
10018
13827
30874
25052
3632
24831
5002
22142
16610
28174
28864
14654
28762
12988
31898
23867
837
15795
19326
29570
29415
17346
11606
2540
22084
15439
21016
26157
14642
8282
7292
27764
19068
31922
17948
23114
21808
31614
9634
19287
2685
15917
27197
13934
6420
19042
1686
15266
983
26203
21802
2242
14628
31832
30620
18376
26247
3350
29469
8919
21460
23015
15190
19277
24434
1319
25184
21326
8234
16679
6532
31367
4465
14048
248
19960
1557
3629
27095
7775
10374
24920
28094
32667
29178
15906
24153
21402
14508
8483
16741
22213
9448
4774
22920
26491
30974
8019
3628
15944
6040
12688
4871
15823
9935
31379
14200
1593
7004
12298
20543
20106
31885
6730
26292
5170
1663
11819
25751
20869
17497
11492
17511
21939
28948
5367
17281
18105
5867
19539
22214
7659
12441
23684
8698
13596
5540
23721
16728
9779
2587
17120
30670
22107
4804
20687
28965
21847
25811
8594
11276
3966
3056
27461
26815
14115
22426
22691
25301
23625
20426
3021
17347
5170
30099
31450
25112
17891
18454
17497
18901
27694
28568
2452
30331
31037
11405
7952
18336
3669
31741
10825
25332
22390
10850
4494
16202
18732
5634
32296
12513
11830
24308
28871
22734
21841
20476
23782
2805
8071
30533
29577
17761
7943
30589
32466
20369
18859
432
3963
274
11219
32423
14153
8767
16736
18006
12533
7940
6160
24314
5991
25309
11820
19068
24325
29840
1568
8012
31208
32283
2863
22269
9452
24319
12269
19560
11576
946
12395
30817
5165
27946
4048
18781
31735
23670
30435
19851
3903
20050
27702
19556
9750
32571
11958
28534
25810
5803
15786
16461
15842
24469
21403
22229
13981
23899
15542
21241
10197
12976
11379
7275
25357
13960
23019
16247
415
25452
20609
27501
26702
11428
6931
21223
11997
17311
13885
7879
692
11668
1623
413
12977
11507
14529
18013
3238
7973
27043
24717
8433
26537
30052
1609
1973
30274
10952
21287
30651
12558
27304
12028
29800
31811
25543
23606
19620
31759
3478
23765
27398
1342
16329
3319
22232
28751
989
20157
10822
29688
27619
16827
7315
32328
17387
22314
21123
20494
1424
14215
27645
25569
28407
15249
27264
26693
18796
1295
32499
11608
11934
17314
26317
1553
14421
19453
10519
22958
14904
19974
1006
30958
22761
3866
22170
16295
8947
22791
24672
19179
15590
9252
25105
9658
29590
26309
8457
13197
2031
25864
29669
24411
8649
25327
13649
3734
18803
2177
25777
25601
14873
15131
13072
10825
432
32223
4120
29068
29048
21037
24966
19972
32476
249
7299
11799
19677
29265
2059
7030
13121
285
32545
19039
3342
27344
10212
14692
6555
7694
21651
17562
9704
10583
7558
4948
9687
25338
10309
1424
28040
11455
26120
767
13527
2087
21561
29160
31219
32065
18603
9686
8346
11559
29643
4645
5196
11022
12284
10943
21910
28830
23911
1379
22940
6438
9086
8795
4823
22927
19984
26502
5407
1521
10691
18624
31254
25149
25600
29805
10585
5366
10028
30914
31287
14106
30705
6810
19129
7836
30888
12916
17233
12792
13678
9981
15504
1727
9694
12630
29864
2354
7884
28130
28567
12165
7553
22100
10389
9656
26209
12891
6112
13316
10057
24915
27970
19539
20186
26532
18541
12114
15158
27695
10795
13787
24833
118
16748
6640
5406
7367
3525
2672
18714
16357
13625
26594
4751
9939
31286
22925
179
23181
29083
28163
3494
7774
7691
32347
11504
25632
4140
16981
2137
26334
26926
28793
5760
6606
25683
21703
14662
23326
6263
24928
4622
6083
31646
30913
2780
4452
25286
10929
30213
27573
6356
31005
15196
18023
19867
2914
19740
31845
16720
25180
9681
13297
17319
24743
275
7917
27616
13780
6863
8745
1145
18749
32683
23653
32668
3617
22973
14857
17254
3585
29378
4093
18517
8288
14260
24243
20999
20750
27369
95
26582
4571
8390
18083
14579
16113
22023
8271
18528
2688
19396
20243
8226
18889
4333
7848
15609
11828
29917
13579
16842
26165
13826
13100
11825
13574
20764
19931
25828
1184
6020
14376
26837
13370
18937
11106
9890
13581
31888
26466
31575
18414
29810
19021
20635
25667
915
23934
17278
24054
2697
4524
23213
4433
23843
27212
16423
31883
25358
9421
24236
7989
32358
24482
14963
15314
9947
4739
29865
20025
12952
28891
31852
7142
21396
1324
15315
16107
11416
2697
11508
12161
4784
4304
1979
15164
22684
24830
12038
17214
30343
10125
21366
22486
17246
21809
16386
5071
4144
15419
30021
12474
14178
4000
17356
19101
30751
10238
11479
19303
15281
6009
2142
12004
2236
25147
2943
10134
12045
6865
22391
20963
18467
12556
18975
2475
9116
29746
1579
18075
25892
1328
15900
31003
5598
16743
15050
28270
5847
5546
4478
25363
26975
24277
26019
15345
9568
21177
14213
14931
23501
1187
19348
22860
26195
29656
25531
31411
2979
21068
9528
28338
25132
17161
17006
6373
652
11730
4925
13527
12571
19856
17487
4481
24362
6608
29976
4012
29554
7236
31611
26097
23065
4739
5517
9613
1804
10858
16162
1361
19374
2822
11586
10456
19570
15217
32399
22737
281
16446
11448
14107
3839
19396
18131
11324
16964
24652
7419
9329
31524
761
4999
3580
32154
16522
10631
25683
4219
14872
25240
3817
32078
13679
1590
25087
26057
4618
27611
29265
26881
22978
27336
10223
28414
5633
154
16154
20655
32019
25403
