8076
20591
12687
15418
8498
31073
5861
12460
11043
30464
17194
11502
13511
505
25973
3989
12087
3612
31330
1984
9818
21789
32656
5521
1450
24331
3494
8231
20275
23112
10271
14376
32126
26841
11024
25271
6506
7152
8563
26702
32144
15908
21194
18006
10729
21358
2722
29658
11
24682
21190
27820
1600
16487
7458
31991
1078
25398
4311
23523
10871
31301
12849
2546
4013
1855
19040
15367
24604
1040
12877
8858
18423
22476
32604
25569
3616
24943
32628
13085
12079
29635
535
32054
653
9548
15800
14496
1493
28265
4408
24837
21358
27785
32036
12882
2233
31142
15614
2016
20964
6508
19650
20810
27461
27286
812
6847
25806
4562
1333
20678
10191
16779
27925
497
23043
62
3971
8601
13337
11866
7528
26804
264
15302
12482
29076
8474
1107
22588
15805
30410
15970
30738
10279
25079
19775
5488
7986
13518
27466
5114
719
21162
32186
3200
2706
24639
27833
25991
22811
24540
24897
13790
26712
23799
8878
30550
22726
9901
18718
14555
5331
5053
29923
21485
21941
21944
15695
31950
6383
25680
3359
30316
15269
11806
18236
7455
19556
31881
15788
3028
19206
3720
7490
20519
18139
705
22873
7694
25314
11205
27420
4077
11579
10765
12017
26715
24653
32131
10906
30491
7775
21447
12605
7978
19760
11682
12673
13447
26269
27140
10012
9620
24293
4767
15037
28828
4950
28637
23442
27934
2495
8974
18143
7214
14296
12430
31767
19377
1483
24326
11637
21808
10378
24257
18612
21118
21115
8677
27931
32695
3024
14574
19537
13979
25679
26239
10993
14439
24498
23454
11818
1726
21743
18085
32622
31891
7817
32395
6229
20679
17662
26573
12967
4695
27897
17923
29226
2302
16443
21778
3068
21062
29645
21032
16006
14150
21762
29681
1509
6074
12052
14201
4425
2052
26494
10417
21257
26217
25839
16256
7363
19736
25909
12764
26797
28135
28708
5129
24752
10208
3029
25774
9290
16942
9162
11434
8081
26605
16842
5278
10189
2805
13397
6423
21210
31971
16284
29147
8246
25625
1367
12406
3644
11638
30690
30649
17398
9915
4964
24860
7917
25496
4363
8319
8618
3272
2429
20653
23091
18924
12658
27373
2256
25036
21864
1401
18258
1929
25106
5959
8222
15423
13686
8576
19524
32023
15714
3147
4399
9058
31319
19799
1981
6510
904
9481
6016
15234
4995
7120
14211
19938
30993
1883
17475
13392
3100
17442
5188
7312
19224
24574
12872
1481
20001
8530
17070
31237
6491
26754
29450
16461
24823
2679
9356
26846
4334
14002
23315
11664
1486
23648
18436
24670
4898
6660
27614
5978
28284
10889
22142
21147
19349
27677
250
24682
32282
18329
14684
24667
8337
15255
14530
14929
8919
15566
16433
4559
32175
128
7413
25402
23106
14892
31600
31077
1166
11230
25582
13571
5642
24593
15268
12230
18849
28053
26177
31416
2556
16559
5786
19946
2395
4675
27687
19488
25555
30985
29789
29535
4899
8736
1342
21430
12287
3781
13940
7060
30402
26331
22388
14341
5248
12724
19218
15941
13308
18417
7642
22578
4490
8406
28109
24732
297
11397
13838
1777
21982
9069
4435
29197
24142
14912
4321
19723
24423
8105
7081
23022
12943
28326
20745
1758
5478
4231
13113
19524
2255
6376
13102
22637
22448
230
18852
9523
22492
14643
17653
32409
6019
8103
31818
11590
23574
30554
18858
19028
2708
5851
5670
29517
11352
20665
20654
10072
21991
31546
25837
15384
3877
30154
2411
11657
14717
32634
748
16000
23289
16331
2458
28035
11627
10553
2317
31230
12663
7863
20441
1321
17549
26718
24225
17758
5187
30561
31977
11334
19082
16074
16756
23424
27394
3108
11138
29035
12885
19485
27478
6623
16672
15748
26247
2246
31066
19576
4605
30310
11012
23835
16797
6848
25360
26493
22888
31884
32271
18728
7839
18853
4645
24325
9040
11485
294
26723
25066
28115
4933
32533
7396
1291
6723
28241
3279
5708
17625
11562
1557
18483
26039
10156
2904
32076
21282
8665
24207
25849
24260
32244
23583
10412
5695
931
24953
1588
9135
13332
20826
24289
7162
23107
21886
31712
17492
4827
2598
24152
30537
30036
20236
41
24818
28637
18321
18007
31819
16321
1472
5357
13169
22063
23932
25237
4350
4600
26847
23196
24514
31633
18140
18733
20004
11733
30804
21590
14509
1518
24387
16290
9734
16471
7740
22320
5579
16279
13270
26304
20991
8109
10832
4597
7936
15103
5035
30373
29017
28103
22651
27261
5493
6053
19750
18807
2549
25750
16910
6145
28663
29268
14972
19835
17653
12804
19095
32069
9165
14340
26573
14487
16278
19447
25033
5900
24561
6544
23279
23593
18084
555
21186
30302
5656
20455
10657
31682
11118
19697
27861
9887
31555
22347
9915
8952
30499
25721
13494
21106
23788
4090
29353
9103
20426
16447
23832
29307
590
12312
15764
8178
16357
11311
16535
7397
22616
14559
15365
12073
2456
27319
11345
4158
26738
19132
28127
25424
20760
21762
31705
16910
10193
29745
11874
8737
5254
10124
18401
12926
19143
18461
1739
4553
19543
28375
19398
22427
28919
11222
23464
27186
26577
28168
20996
12299
14710
21369
18275
20049
9852
24177
16433
31914
3440
19239
25759
10071
28945
21020
24712
6428
13188
6922
18042
10714
27534
7238
11432
20183
25068
27625
281
21945
2770
4632
5515
32060
4316
31088
3627
14805
2731
6979
22961
4120
23142
26740
23889
58
22602
14974
31519
3545
6896
4922
3728
22988
15386
30448
23131
12569
21731
19514
4704
18017
14979
29721
15861
3483
12190
304
24185
7649
12184
16562
6953
8640
6344
2301
3191
28605
18210
1005
28984
21706
1521
23303
13509
31891
8664
32353
19318
6291
29116
21471
28667
21270
31019
2167
2031
23930
1956
32506
2682
16437
3794
28740
5415
25228
20901
29124
11852
32138
4537
5811
18193
17434
13945
26354
11639
19260
10053
11916
31098
31890
5731
13000
17789
26962
21519
21795
14230
26122
12349
5574
23809
24443
30090
12274
4479
5635
11447
10469
25469
2645
15483
19449
10003
18338
18936
15844
8707
19590
18442
6262
19218
31004
24526
15388
18130
27335
16283
30908
18109
29978
9074
15430
26193
14739
20331
25356
13164
15494
20503
31969
21012
22872
18234
5121
13109
11902
2251
8908
17114
31328
14542
31430
2639
13915
18198
1753
2818
19925
29028
31282
10961
21735
32370
