23424
7117
30581
29395
8563
399
8154
29639
28514
25893
20976
8795
15224
10108
592
22933
15246
18997
21764
28775
21122
7152
254
961
32624
18718
2014
27859
19989
7061
17607
13044
26848
13823
8500
5207
20483
8954
17940
5120
4487
14308
2143
31992
28476
16457
27013
4262
2060
13110
13328
16830
20285
30192
13976
22821
492
5946
23079
16582
29432
31107
19162
24326
20072
25404
6546
26831
31402
10124
25795
23140
17223
6815
27653
6868
31934
21759
15482
12576
29722
19895
3410
17422
21038
13861
4055
19273
16427
11413
11365
2536
9063
8652
12819
13150
19778
16644
27507
22165
15948
19389
1032
5090
1820
8471
12135
24815
9290
25108
26734
29929
13582
22124
4444
21673
125
31144
8161
29909
9406
16232
10086
16788
27613
8599
26194
7372
21627
1925
29373
28433
22059
15314
29180
31813
27948
28958
1549
32380
18467
4162
3226
1759
14827
15654
13825
1348
5184
21597
8933
179
29656
17354
16559
23366
25260
20466
17599
19181
25962
31833
11265
23000
27453
948
22273
165
7195
10246
31060
31410
27391
1436
30319
16369
18372
28485
21450
26259
21714
26007
11740
7160
5900
32682
30536
27558
372
19524
20238
9523
24473
12351
31002
6795
8209
4307
29292
10883
26968
15940
24950
11438
9816
1867
28342
29711
2010
7398
6336
13629
25784
25328
24079
1995
2398
4319
1798
23246
9420
19338
13429
18610
15170
16167
16458
21438
10392
12222
1495
23412
3602
15574
30264
9283
17740
19814
16590
29435
12557
2535
2412
5289
23866
27501
21992
13741
25842
4997
11050
17155
26268
21804
8773
18372
10323
21478
20309
23748
29727
940
3791
27594
25389
18826
31087
29396
21436
19646
19577
10390
21529
11858
15373
16993
19579
12500
8597
3648
7694
28994
7716
24095
20995
6216
26161
15325
24223
18492
20279
18128
24134
27618
29679
19001
8413
27410
12448
32462
6559
5918
8839
10982
30976
17902
5223
28574
28278
29801
18943
23939
31765
16237
26507
2694
20934
835
4059
10942
1648
22494
16793
4045
32131
32543
17613
31893
15254
16901
19121
31061
23672
20728
23210
18497
24174
1209
31591
6186
32584
26080
27396
17189
19466
26341
25134
22647
27379
10757
5047
25480
3859
21194
25672
10237
23380
11371
9299
9940
10916
6044
25611
23643
17502
31830
30384
31908
22123
13196
21313
6248
22574
26035
14024
29752
24845
138
29391
25084
3124
21083
3118
7702
906
25396
21161
5433
14578
9646
761
31171
14439
11172
16840
4060
13087
11312
11137
6505
30227
4559
11993
6652
24477
23968
31873
18347
24449
18366
29097
4952
24076
24594
27416
16800
5430
25577
4152
20605
31028
6224
17903
32060
14239
22712
528
1471
7658
21170
32142
20210
8006
27998
20584
18144
19880
21400
30848
25855
19587
1456
31000
28546
22345
2398
4596
16262
9892
14969
17057
26951
31239
32152
8944
29722
29215
30316
14258
3517
9612
19478
25248
21681
14470
31700
5183
29484
27639
16320
28245
22987
1209
9479
15688
25071
26307
7640
10533
16738
750
5595
7429
9851
4175
4903
8676
7456
3596
25730
31869
