12850
25060
9992
6626
15943
1160
16650
25143
1000
2683
6581
22031
15031
1857
8969
24363
3822
14921
15518
26273
4502
7742
2680
18015
22884
15328
19493
10926
25209
32608
6065
29783
30224
21200
31559
7932
3050
27403
23533
2971
29785
1510
15327
5499
12414
18163
27314
4796
21180
21552
5394
15267
15265
3811
17577
9576
12405
20440
18697
7733
4043
7985
207
12531
25630
2506
19922
23387
19223
15037
6648
4582
17051
32572
10017
31871
3227
22920
18200
11543
22530
15767
30377
25374
20513
6349
30319
1369
1355
24022
12729
29102
6997
2455
15942
9876
28315
26766
25136
26594
22099
28352
19867
7869
3300
30951
17495
10914
10542
1181
26080
17170
13331
13556
17484
8521
30432
28026
10166
8151
19143
24067
29657
29318
2629
20076
16699
15343
3083
10669
18466
3016
22501
29044
3485
8049
32548
19311
26498
28370
10618
14492
14355
30781
11046
5272
10178
31629
20497
18192
14533
29141
12016
9974
2107
1756
15207
31959
15425
456
6971
7826
10774
27904
3715
11531
15758
25014
15469
2214
30920
10367
1854
27024
14622
12006
5763
2141
9150
4197
20629
26447
1414
7334
22865
15568
7844
18613
20610
28439
3604
31732
26195
6533
11903
20287
16038
31469
19842
26461
14634
4389
23157
3380
11002
10735
19382
13726
17299
15067
16481
21627
16169
3981
12617
20017
14558
2954
9460
4640
8320
17104
1192
31273
24653
12955
23702
10972
31744
12475
12621
31783
27118
23484
1739
31419
9411
32716
15889
1122
4295
4540
3089
23523
6848
4046
10866
19807
12917
29655
4056
7604
12147
16574
24181
864
16350
9820
30751
919
25343
31591
3224
24548
29498
25729
4528
6009
9191
15162
4280
14249
31777
26379
13403
6029
19155
16214
31819
24522
6096
31908
19233
3206
2899
15319
4581
1692
19623
25252
28802
12866
1254
23685
28625
4819
8043
23595
25396
15990
18688
10286
20316
18717
11442
28714
10351
10259
16942
31963
17828
8024
28938
20111
17253
14158
895
680
16709
17972
25272
31063
17462
8857
30647
8196
16158
706
19619
16092
626
23065
11743
1720
11040
20895
17978
16859
19031
17436
22332
23438
31927
18149
8229
10206
21501
22645
4894
4112
21947
22366
22700
23054
8548
3792
12432
4449
871
684
31614
12830
20875
19680
20971
17884
30903
6378
16485
31940
29620
17055
19614
17822
11829
26107
4770
23440
9164
21884
18091
9269
30825
14156
1853
24191
9047
10534
27702
5683
26303
28992
9112
12432
11900
4108
668
6450
20516
23028
23845
3323
15256
27137
30783
17559
23501
19904
21073
5603
12065
9796
6640
21393
13624
17463
19996
24581
7170
10346
19936
15407
22234
13419
12342
13960
13018
20556
16307
4127
11956
20010
13310
20870
18738
12292
1271
19448
791
21330
6105
28762
12159
27825
28970
29141
13850
3961
2098
6432
2983
17840
31983
11251
2335
438
16766
2543
21365
26267
13566
20628
26391
17214
11312
23194
22862
27827
1279
21926
14968
21408
955
7675
17868
23685
7706
23456
6156
9760
23585
8457
2892
22941
2216
19658
4075
17023
10151
30575
19572
29939
16018
6283
3791
9837
23407
28158
569
7690
25774
10907
17313
28895
26759
16389
6232
8708
6408
4503
8471
11915
15999
2702
9930
15059
18123
20134
23783
25078
20135
8684
18543
3091
14045
19992
12306
509
3817
23897
27770
7903
1578
10723
16786
20028
24552
23104
3435
3156
12900
6103
16679
3398
22668
24217
7892
2574
11504
4060
2197
13840
29262
3810
1405
30051
13390
12696
13717
30497
15343
4534
20457
20483
18984
13796
2860
28137
2132
20995
15939
3557
13792
25744
23366
24264
23459
5037
22690
27975
15193
9669
906
340
28313
2616
32090
6987
15927
32572
26065
3926
32653
13731
21739
7518
12507
30215
729
7057
20625
22340
14695
21461
7023
20894
18246
24341
6355
12366
30708
16609
2800
25908
18832
18328
27230
29086
4176
10131
22663
5697
12178
7473
30530
15450
8581
2592
17359
16906
4903
24201
12313
13545
15326
29515
2308
28977
12837
3798
11560
1076
308
19986
9084
1880
25581
27497
4537
9855
27775
3789
9133
31075
20768
9462
28067
9966
19905
12491
14778
6652
25245
16625
2449
9270
8830
31027
19077
20397
26759
19735
11166
2006
7588
706
5910
14237
28284
25154
6978
9933
10373
2438
1581
8800
7195
8292
14568
28275
21732
738
20163
25708
24376
10548
21017
21285
13193
1589
28021
21067
24030
17280
32181
15863
6867
28451
21954
21607
19257
17721
14894
25918
25258
3270
22776
4544
21418
23585
1842
955
18878
28223
11001
30106
24007
21727
28256
14485
23249
4966
27608
3073
7346
2723
6798
7753
14999
4683
7357
30854
26771
8220
12276
30188
12461
2034
16863
31576
13070
4303
31165
5872
9348
14563
2380
27624
13240
3047
26257
12899
28911
10470
30833
29199
18471
7050
14979
31078
1959
18505
20403
24177
31360
18212
20160
13276
29268
19490
4076
940
29460
10964
9680
6413
32546
27940
25411
18641
25721
13694
16450
23340
30454
21088
27342
24450
1425
13262
14396
10780
13584
18170
30719
8904
27750
6291
13775
13161
32275
26228
9460
13098
1982
23880
10685
32630
23926
3818
21079
12405
5809
28427
24351
14879
20248
14926
26632
5951
5509
32140
27269
20947
560
28458
714
31613
8808
13943
8870
10585
8718
1476
10667
16096
28396
9096
12717
6880
29938
24205
31371
10224
31476
6929
17100
16875
21260
4180
32671
21374
20326
19069
5945
6627
5034
29890
28100
12264
12087
11148
7137
14007
31025
9465
28622
30903
20154
8309
59
22936
21501
17728
26900
5449
26500
2192
3932
19664
13479
9641
2807
1653
12940
14223
16209
13253
16629
32072
10827
30498
4759
22122
17903
30871
4428
11603
4591
29409
25214
26858
20973
19357
13880
10179
9841
5703
3652
7052
4168
25558
15462
18580
22389
30326
31580
12419
22663
8566
21826
14401
23989
2884
27829
21687
13429
12557
32313
4100
7846
8493
327
20333
7712
32620
17145
28988
29212
14795
25616
25815
24978
7538
22163
24182
1279
16403
17921
2387
28991
11825
17827
24955
14590
32503
6289
15117
5480
22189
29132
18067
6701
526
21773
18598
9612
15742
1776
374
13067
16133
21423
8676
13788
16578
11439
13295
17788
26304
20063
27640
23513
5198
30341
31976
23491
32377
21675
8026
18277
13399
4430
2886
30425
17940
15496
10424
11737
29557
27949
17653
20098
29379
8708
74
3020
24412
604
3950
21879
3215
10914
3780
29316
3364
26884
4155
25553
24345
7006
8169
30313
4393
2467
23079
2066
23983
17182
8647
674
18847
16818
1174
24619
22667
10912
11400
23189
661
27718
27131
12342
3828
26224
30631
10903
7484
10778
13781
18115
11494
11141
26778
849
513
12601
21096
32209
1096
21898
31889
2526
5414
2312
1175
1155
17545
29433
22876
13238
8394
11491
25026
1383
23354
25888
27206
4712
4462
22730
30543
28298
25894
5823
30075
22063
24624
19935
30688
6030
20939
14419
15479
30758
22915
16436
15658
24644
23442
21849
25736
22670
26382
14033
1527
20028
7232
13496
25330
5393
17480
9222
186
23572
32394
11826
24614
30186
691
6087
19693
6543
3475
6748
30561
6668
2620
12184
23652
10993
19722
20924
9848
10364
1913
14998
17300
1875
27249
31419
28471
22956
6389
14141
17841
16098
7662
4540
21327
3453
30581
29262
15517
23527
4597
2653
23123
32192
30312
12043
9883
25700
18098
22948
23670
26663
28476
3383
24643
12807
12522
29295
1469
29188
20372
18857
27379
2634
28684
29058
14401
30293
240
23318
7576
13985
16800
21714
9857
31442
2674
3920
17396
31034
13477
27749
23048
15813
22986
22608
13520
21104
5887
11029
20203
32112
6660
1933
22450
8246
24300
22618
22178
28034
31160
14721
2962
11696
15233
2803
26260
15084
8100
18369
8605
5196
13375
32086
9897
19966
19522
11800
13129
10391
27942
6011
25781
4574
22865
13055
8693
11828
23767
11910
28868
31760
29133
6800
11259
19866
4963
6591
27637
5001
3247
29618
29992
29288
5276
8669
29299
22182
23300
24453
13155
28189
19108
31195
2984
5183
14935
8608
24469
30865
15482
7422
29998
25168
6924
32478
19449
10192
11902
9102
32439
15484
5123
18553
26595
10826
1868
18109
21407
24397
16386
27855
27203
5765
31539
197
20490
13185
3010
23019
14563
10884
31515
0
1117
12445
3541
1009
17170
26475
2259
16865
5018
30724
24374
344
9775
13697
24041
32602
11916
12710
10059
206
30950
14319
9640
31459
25587
19348
3369
30043
18919
3886
22493
31435
29054
28079
14716
32631
17788
449
6747
10169
32430
3598
25222
18903
72
13029
24239
20777
27270
10731
27047
25732
1295
17189
10718
25961
23569
28860
13148
25045
14253
29120
5410
19771
18851
23149
15955
23006
9527
4860
14005
1904
24728
6842
31748
2507
29208
19411
30366
7349
9495
16669
2202
14829
22690
7990
21007
10667
15226
24767
24254
22867
29730
9048
14298
3887
9508
8045
28637
11678
26904
14821
3294
3147
27614
11762
13711
14306
30302
24750
1362
28150
3400
18846
15108
4582
9303
26215
28335
13990
13568
30969
21319
5429
25370
28333
30860
2061
22668
4494
10179
7084
4012
30370
22914
18420
17807
20298
16477
16519
22610
28041
3710
9112
14825
26830
15144
29220
27340
3323
21382
32608
1256
31326
30251
25839
22150
942
12609
20690
5792
27250
19190
10697
30557
30537
24568
18151
8815
2958
19065
15124
13272
2572
32032
31636
14661
22102
25108
13662
14999
3749
12935
21157
23995
26507
24891
26246
9081
21920
23891
1415
18242
19568
4883
19646
5767
32583
11969
17340
16025
13292
21569
18226
1895
6186
5146
4531
16820
5255
12727
10639
20222
5336
5439
31470
26492
11857
21148
25123
28765
31471
11195
24959
28527
21358
5415
31033
10327
17754
21290
25664
27667
4913
14509
9960
16179
10678
3606
3657
24421
12998
13012
14047
28742
21877
11279
12983
19957
32661
24759
14884
5102
31950
30056
31543
9038
6839
30587
5964
25324
21750
30478
28868
8494
2335
22829
25385
10358
12095
14931
18147
19548
1832
5691
31165
14836
14599
501
15842
13693
6796
2352
20213
8379
11750
17104
1912
16224
17152
12237
410
21983
20758
27359
11131
17458
29743
32481
12012
9288
12434
5804
17443
28768
8193
15860
18818
4574
16488
10940
20565
22808
17633
7387
26739
14710
694
3563
2667
15113
28895
4892
3012
9793
18192
14172
1044
3943
26463
9251
14810
18773
22524
25141
2552
28701
27918
19687
3140
9756
18637
24804
10198
30377
4601
25007
17095
3475
25390
24240
32386
2055
13309
3536
26324
10570
13533
12366
10983
15791
20289
4386
13931
28867
6887
28974
9711
13002
16240
6070
3449
16195
15724
30818
10467
28752
10648
23742
9350
2620
12143
1593
21423
15556
5407
31130
17958
24973
935
20488
14623
12677
156
32204
23031
3232
4576
4911
6100
28275
27220
17367
9657
27616
8097
26928
23378
32134
746
29136
32727
12100
25984
24470
10120
21246
13186
19326
26446
17458
17058
12852
27654
3915
2354
28642
24242
4072
3946
10896
16869
20070
22002
1506
9476
27644
4645
929
30347
6089
15323
