20934
7494
31641
10179
22243
28406
24356
9609
15169
963
9098
3616
31958
5591
22958
13714
15257
32585
27802
25862
27320
23752
22959
11289
28285
16035
13131
20130
8507
28297
18823
7382
21203
233
21865
9552
7286
5148
15651
31837
12155
31024
29557
2919
27883
31779
10661
30781
10032
132
26086
27912
412
21366
3298
11571
26893
29205
19334
22937
11170
27303
1555
13200
22000
19729
14948
20205
11441
26069
3717
5792
22125
8096
27364
26356
2852
19691
8631
17353
13538
26694
8571
32467
21809
27227
23311
3866
21953
7604
10443
13690
18523
25456
30807
30102
28184
22428
11362
10234
8046
21254
28943
12764
5727
17070
26955
29104
31636
17441
27707
16961
19114
32477
31562
27971
1620
16366
26491
4939
26937
3504
25294
27072
104
10779
30435
22429
28921
15231
7767
8666
30584
12633
26725
7646
31018
18335
30172
27642
5322
27054
4018
4369
25639
28522
26814
31647
14678
5486
25877
24735
32628
17600
9977
8851
18837
5054
5087
8000
19899
7334
28112
5917
28124
1005
25925
21472
29189
23630
21380
9583
10732
15800
1832
13557
12796
12147
17192
8944
31202
2040
4599
5011
25166
17005
25665
20491
24634
14681
408
29484
31406
22188
6774
31918
28102
18962
9231
31203
28865
32129
30822
9816
7748
9582
16127
983
10064
12061
8494
3544
23287
16371
19189
14269
29812
20713
28545
13488
20157
938
4843
14531
28055
26153
28737
27295
31824
8545
13456
13403
24739
5119
20757
5958
15933
4474
8749
13708
28949
24718
26515
13640
31306
32626
32623
11636
6962
3965
4683
28373
5037
27557
18835
5225
7938
10788
24651
11703
18065
3289
7255
3555
12175
2073
27581
17908
15254
2728
7391
943
17389
31076
22880
6833
20545
7435
30864
25874
30872
8203
6223
11780
28959
9432
7056
25858
5225
8556
10369
29663
22101
18202
22271
13665
20876
14044
22238
32727
12006
12043
13423
27870
30454
9681
31580
5968
20503
10690
24238
12863
3860
8381
3800
9070
7722
11736
18275
20860
6164
29043
24256
751
23263
24567
2577
29816
20390
19531
21347
19402
8413
15679
13587
16850
15181
216
577
1819
5109
9534
9350
32668
26555
24388
9299
29885
27928
12933
18512
26828
13398
14773
21136
27879
4251
4989
3757
20932
6931
12839
10802
7418
17119
8460
3465
13116
23086
7560
21693
9674
6404
3448
3501
24565
26287
18450
3254
10554
24928
20728
15488
4621
12925
22825
5185
21785
4457
3765
31149
22881
2910
30607
17721
20001
20019
3522
28214
17572
9401
2135
4754
28554
28844
16178
11808
6142
254
20503
29264
11510
19267
27256
7581
15170
18964
25527
10586
20505
5745
25707
2839
7482
22517
5129
26629
6954
1320
17772
21355
13141
17900
3320
13364
5826
6819
19664
7367
32118
14030
3434
8637
29403
12495
12072
5338
4607
22307
9347
31214
28293
1225
3445
7274
9349
18837
17150
19475
25259
11318
32716
21752
25532
6600
74
22747
18400
23975
18687
137
4275
24712
16312
8617
24429
28265
9043
14952
29581
23666
26478
30443
22439
12156
9677
32627
29579
25779
10344
11140
7510
12497
20032
25886
16418
27461
8136
6404
32701
505
27587
27200
22979
18052
11539
28445
12375
30862
21176
31059
21713
29149
20530
18757
21512
9871
11334
1538
31661
31143
13921
11086
22063
6474
30587
28856
25831
4673
288
9356
29536
2039
7544
14078
30735
21865
1079
13075
6382
16670
5350
13576
4000
6705
10917
26074
16356
20574
17687
6271
31445
27903
1690
10770
27092
10310
27156
11224
11433
5004
5600
20537
13745
661
19654
14414
18724
29036
15095
2571
19763
2180
3171
28762
15720
14705
11171
10092
21303
13397
14307
21145
16397
12689
13882
16170
17655
15296
29083
25347
3048
13433
283
28386
4616
22879
14526
24847
4580
21432
2249
167
25553
23477
877
21071
23591
10040
25563
31059
1752
32696
31752
22462
385
23723
6895
30343
12280
16464
1375
16826
27242
13421
1719
22353
23074
14479
29205
23101
20186
22812
24226
1590
24780
13755
10190
26650
18918
22779
26680
5993
26521
23805
8555
17713
6745
30458
26073
25086
1101
20127
31663
26995
6399
32090
19306
22637
2008
30890
22601
32010
28545
535
4149
18326
22408
8999
7370
24306
32111
31997
24820
4948
10632
29499
17790
31702
15354
19209
9505
28796
32522
1600
28640
22635
11573
31754
15908
26756
23326
31462
20345
22779
19377
8324
11354
16899
4610
31297
10344
1395
19908
16889
30643
13544
14275
8675
22871
8438
25354
7406
9044
3859
582
10241
23387
25326
25466
25196
23042
12790
15431
15577
3988
1108
5507
6473
30220
19285
29424
30274
29739
13627
31086
15463
5421
10559
9260
28109
4683
28243
23909
25247
11352
9766
5362
15032
25484
8884
28641
25442
683
23332
19297
11371
10642
12896
19095
3208
6538
26641
22922
12181
6925
29638
17120
23211
6576
2272
23281
12160
9738
32513
23687
17447
1935
2222
18183
21001
24967
15204
11351
27614
13011
776
24858
18136
16354
25781
1917
9926
10024
6762
20053
6243
19036
10168
13089
14909
26435
11989
9011
21067
18816
31884
18260
14181
32351
26076
5249
28872
2220
5728
1751
14735
29402
15707
1141
4497
2312
16291
16770
4284
27429
9127
30728
19419
31352
29290
19695
17542
13483
11791
16945
18373
7785
8345
19258
6945
6551
29991
7073
10970
10447
32421
18055
23332
28576
2883
324
31845
13926
9404
20561
5239
8588
15966
18268
11279
6585
9512
17115
30638
14508
30761
3947
16164
24634
7968
29555
4226
5118
10919
6999
2155
12943
1198
32039
364
25319
9251
1397
10346
25592
16756
21347
15762
11187
3265
29853
1925
31315
32400
9611
20375
18143
25600
13793
13369
28534
4158
18371
12947
17208
19569
19088
30608
1107
32209
24847
15379
18541
8171
7936
22824
32483
11531
4257
29161
24701
32112
8534
109
9413
5936
16947
9605
29086
21242
29551
14014
23337
30332
31905
1544
9360
7402
14128
3492
16237
16071
14287
17935
19387
17342
20280
7239
23187
25012
18943
1244
21113
18271
18094
22751
15600
9398
15633
30888
5556
13756
11861
29598
4544
15718
11045
26862
30633
25536
386
16383
16543
2833
3441
18365
13370
25118
7091
552
25575
22138
28652
12363
11548
23611
26823
22616
376
27418
10292
26235
13865
25987
4061
25587
26521
29236
1499
