14694
16689
6074
8944
9885
27550
3317
8960
17384
31338
7078
14722
7700
10994
13037
26243
5353
28110
10753
3075
11666
9162
14962
20975
22043
977
14172
11858
3477
18744
24734
7799
18410
5577
21008
18962
25294
340
31305
14000
9080
18968
12595
6557
15846
9983
9291
13013
30840
17971
15505
23877
4036
8271
26596
31761
13923
800
16984
32397
20683
9061
7589
15550
22295
4244
2676
2271
13102
18371
28747
19214
18347
31115
31613
25066
19945
11676
2108
7230
21383
6311
13047
6293
27841
30265
7999
26098
5713
30253
32499
9583
7374
31880
19508
27912
27365
2684
23423
18418
17911
22022
24675
9811
15174
29925
12248
7646
29214
20235
9850
6942
12479
24423
20950
5233
15075
19908
730
1775
22532
23947
28791
1684
6642
22749
29401
20296
12853
5115
22479
28393
17920
4522
14790
925
20418
21629
21375
4161
18205
8681
10449
26224
27538
11159
27526
22316
28174
31607
11249
11800
2529
12813
17850
30135
20592
21767
22373
10529
2152
29729
1739
24200
1095
25693
10218
12427
22346
31588
5504
3825
22061
22676
10276
24891
13489
27658
1663
5200
24857
32017
24807
7530
3303
6496
19200
16924
4744
23361
15026
9044
8551
6651
11449
5747
32290
28573
30912
30216
15319
8628
9265
10545
10999
21523
4140
16490
14754
22189
13816
16759
18141
12042
2915
19646
22635
13687
14595
25808
12100
11431
1554
28998
29574
21322
32279
30580
12955
19394
22413
21987
5449
23072
17289
6364
4999
32702
9315
22344
12306
7753
3224
4364
18600
17373
16379
14512
20369
13254
24253
14823
27929
30382
24903
5903
9530
4362
5094
19516
21083
30848
10831
27620
14468
19384
25992
17049
17446
14026
30651
4764
23505
29072
28571
20239
2526
29349
30544
21450
1435
23863
29473
25150
20366
28629
19942
26925
20749
17081
31645
12701
12097
30824
21193
17685
19708
23703
23134
13474
11138
22773
21042
30771
16148
3143
2753
29492
26738
2189
14866
13991
10062
2382
3669
16588
15690
23161
19038
26114
23293
13592
28814
22904
16179
12407
17103
5044
31102
19791
27136
6207
1072
8502
19347
6733
25780
14660
29709
11294
19792
18942
3752
21681
28834
4519
11666
20972
10006
5070
23264
11539
4135
19085
21404
26873
12918
19180
11010
28272
4981
10059
16514
6317
4074
24886
23739
24569
18083
20698
616
3459
21336
10889
7359
6100
24830
22731
8885
31985
26019
17749
17951
24239
30958
6480
26844
21313
750
27672
17289
3311
11849
18443
20989
19216
20913
13861
9099
18681
23306
10731
11360
25559
14406
622
1275
25723
673
1055
267
23027
31950
13896
6990
13615
8036
8059
12362
30579
22960
27273
15829
29152
16482
6069
7220
6715
17286
20007
4080
16341
22011
7513
30854
28611
5071
4886
27960
20650
25564
1430
18077
14151
28812
10620
31217
11480
18574
1479
27251
176
21539
11985
9777
19067
10889
18652
17728
17870
6677
23281
29068
21231
14158
13868
7586
29081
12101
5853
22775
13690
20884
11342
8953
28197
14288
19554
7225
3292
12891
12248
12671
763
15810
32647
12910
31360
19371
25017
19490
21478
9908
26249
32639
22163
1530
31669
13974
27190
14049
12388
1907
3178
5092
27129
22717
19510
23684
15048
30483
30034
8527
13354
19368
13357
10910
30838
32514
7476
1463
15324
3997
22252
9253
5229
11662
21054
19605
14849
21929
18551
27977
14362
3155
9680
23976
25444
10166
3831
16621
1589
23672
16625
12111
23508
30632
25577
14923
4350
14958
10608
19227
16205
29644
30807
1511
2199
1196
27189
11296
31897
4005
22583
316
18035
20250
14474
26780
26605
28029
30009
23842
2559
13403
15580
7432
14676
1300
31527
31251
24005
9471
11869
29805
17280
6918
21441
31383
357
10737
19868
32096
31659
20325
30831
12267
5856
3858
25412
12635
32502
7294
26809
22359
32295
19573
17843
9308
23384
5379
16561
11549
20674
7780
26229
23903
30615
23808
15141
25516
19162
6030
30040
3287
4692
27771
4075
10023
16779
28352
15967
23759
5460
13432
20252
4767
32359
4859
24898
317
25140
2142
24208
11907
4148
3194
682
27110
2372
28845
12510
22901
14270
2340
13601
16982
23423
11290
7101
9513
16226
1128
26773
24304
21060
28828
21872
15522
983
20154
20097
28712
21214
19077
32599
21437
14683
27171
12813
9050
1265
28197
301
11688
7690
14045
1497
28199
30242
706
15793
2402
4052
27854
18974
19727
26510
22125
28447
12119
1673
27565
19132
19227
11410
23751
19576
24451
31627
19248
2479
14549
10189
5835
11015
28690
9517
8022
26360
22093
32163
10336
8352
17293
12661
14827
11292
16507
21539
9874
32245
2113
14636
31015
1893
15877
18293
29432
7158
6785
13511
26244
22725
27033
20448
32111
19264
1782
31009
15088
5063
21294
18396
5997
8173
12994
17528
28399
25005
31542
16116
24273
4594
4273
26744
7156
10416
240
6591
23143
9991
8037
4739
12330
22174
4888
22192
4650
9455
24804
26278
26825
20060
13929
22479
29431
25719
2971
24800
32098
16121
14016
29572
2178
21370
22934
6407
5623
15168
17211
30873
3172
8276
14846
30651
4566
28320
25002
2660
20778
5097
28752
7220
24043
13854
22515
23938
1134
7620
2441
12074
8548
18836
20483
6872
12926
26010
28133
25236
14065
2057
3386
12874
6445
11688
1430
31446
27823
20981
20232
20770
20687
17176
1933
4217
23138
19274
4551
3929
20819
18611
14272
28375
27981
21461
19367
24839
22593
13184
3798
29255
2609
20361
16325
6528
22040
32032
6726
9454
10860
9913
21196
11533
5679
28973
27591
15834
18928
11948
20918
16757
21569
31661
13800
17615
4778
11814
9600
13167
14266
6761
32019
18106
16451
31123
1149
27952
9945
5826
2767
20192
21509
30599
12304
32659
11197
10073
32252
30333
31188
8432
4757
28175
6255
14478
2384
4666
16891
23802
10013
19916
12538
6713
26146
27494
2951
19275
16225
27186
23121
10821
13880
947
30772
27380
22752
11045
16941
22696
3800
23696
7464
7204
4569
17507
13260
6771
8545
2860
11291
14972
21267
6427
9048
29815
16552
18991
25928
24942
17005
30046
14727
6800
8977
28253
23504
30779
13607
32443
13699
8339
32219
4337
32085
13807
19892
9010
18851
17749
27822
7075
10268
3542
24120
13206
23582
11092
11723
1403
2730
30732
18310
30245
29352
28030
15249
13333
30015
19972
