11246
22899
7987
30082
13843
26407
10916
16280
32421
29747
22725
9526
9739
32259
3396
21480
9326
29645
7586
9890
5703
10455
24623
1205
16310
18539
16258
24745
16473
28610
11972
22359
32474
30635
19740
16394
1880
26446
22187
7914
11082
11451
12482
7998
29575
32382
205
17247
12951
20009
8636
3892
23569
10258
11540
9897
9524
21599
8527
16431
20710
23619
7756
9918
11682
24896
7204
17897
12549
518
32017
26958
11037
1295
30990
24587
21401
13728
5158
28468
32418
1814
15302
26945
9632
96
30592
23544
9522
26354
21699
13161
18412
23932
15208
10658
1702
5982
31708
3465
23320
26229
20113
2743
7407
29090
17741
855
28596
103
10542
28409
341
9606
2171
31855
24607
16056
4819
30620
12112
9523
21429
23194
15501
3895
15284
153
20454
25688
30678
13428
11518
31703
9067
30073
4647
8225
11131
13189
11326
24497
22443
3843
19914
14533
25329
18838
23288
24629
14390
21845
24212
9599
13840
19353
21442
31993
21841
14262
11775
23988
32245
1596
13680
23500
22932
7633
3087
2437
13236
22367
4633
19746
4099
18295
14055
16119
30928
18166
3151
15897
22775
12101
21357
13703
1555
11910
11275
12688
7077
18334
12603
27621
23995
19958
31633
24558
14609
24753
4758
30504
2863
27369
26142
11387
20046
30593
15845
20205
29265
16400
25213
1194
4031
10614
22803
6048
12260
1733
10434
13136
31664
15756
25342
32479
16492
10103
21501
20807
16299
17830
8043
29508
8062
19730
17422
17894
6229
2808
8998
13442
27352
23172
2119
7157
4913
13352
27347
3533
21841
18894
20442
1358
4808
8815
12856
1411
27184
16801
29137
30509
17198
24641
2727
21331
1304
5627
2157
22874
770
5674
9308
9767
25854
23584
19235
9815
27443
32120
32279
16178
30227
27797
4765
7927
2465
13286
32009
14693
18877
24008
8756
32220
12727
21887
12204
20207
27009
23219
32385
21482
707
1034
13064
9825
13585
17987
18195
25950
9251
1856
6474
14980
14004
26530
23355
20058
9659
9210
27953
26418
29174
21869
29817
2553
28902
27608
20042
18600
5956
12806
24605
20002
32369
26034
14928
2289
32039
24060
8571
18407
17584
20817
25140
24976
656
7233
26203
24872
28534
1812
21762
19139
6200
965
4866
4137
1508
6859
3189
5047
2286
13748
31096
24014
10624
6160
8117
4085
11481
24838
32203
29959
28375
2912
913
272
1377
27098
10253
24967
1436
8746
10798
29898
11458
22719
1474
18832
31538
5038
12984
32260
21193
5447
9004
23597
18605
23873
3793
26099
20658
30843
29364
30937
16609
30237
7191
27116
6493
29553
8121
4350
16982
26216
14647
11605
5939
26895
18955
10135
21614
7881
1074
3232
9740
14387
2713
29631
6784
25578
18175
23876
9611
9926
2450
19144
26288
24942
28239
2094
12178
6145
14935
20068
23481
17993
26397
16790
8890
31598
6555
20667
3449
15945
18239
31094
27924
22732
17998
27579
31681
25686
32177
10266
22393
29309
6369
5661
25865
4387
25281
26928
17926
20544
28767
20704
7771
29335
6241
7713
2889
4286
25532
30656
6457
18189
27630
2560
11760
678
21633
31783
10333
14687
1766
29890
10222
12865
29522
6243
10865
18291
25080
6129
4696
22906
21314
17179
5230
20753
22910
23324
31747
6006
27480
11772
20535
10310
4406
26386
31323
14475
20638
24844
31814
11311
9693
5921
29255
23843
23511
12314
27543
1227
24038
4833
4831
24640
23610
824
14716
25721
3752
15919
20145
1726
6773
25861
11582
18535
10571
30049
18106
20665
8037
31793
29388
11491
5634
9667
17221
4358
17830
10753
32098
12679
13264
21546
24674
31138
27146
8134
17002
31667
12202
13232
20335
28461
4582
28925
1363
14216
28433
27941
2736
17536
15995
9778
18008
9248
2122
23232
20838
1609
11150
1233
23914
23128
30758
31639
5122
26808
29179
987
11716
22848
21379
9191
9617
23003
14112
24814
10392
27938
24175
26423
20868
9885
5995
16576
13210
10765
1626
23707
11922
9614
29208
9185
31034
17487
32746
8099
19353
8738
13936
3647
10478
6528
26285
2080
3319
19173
16077
29976
27182
25200
30453
5828
12006
453
5934
22855
7590
7404
8155
8761
20386
595
18123
21693
26556
19831
1061
8842
31424
26261
4731
1512
31780
6725
28390
18284
28285
12786
5418
14615
32298
12375
26586
12539
31228
30445
1815
28291
27821
23463
4053
14460
8934
1736
15368
19526
24857
17201
28846
27266
10543
8944
22003
10798
24743
25286
26065
1716
29802
28292
20286
21962
26229
7063
2645
25041
22810
67
19989
9596
16303
13251
26534
13270
26070
10885
30866
28724
26042
13465
15369
27548
9811
28724
7944
25233
7066
29089
32118
11306
1111
27872
2173
9133
27546
1517
15586
23324
21325
17899
12402
445
26887
15817
27557
805
32518
7588
28179
22661
4444
9460
25265
23564
21849
9524
16248
21140
9055
17927
29159
8415
3177
17713
2182
7410
14851
30756
3103
5816
551
29856
937
6197
28385
28612
20049
14897
29766
22468
7820
16355
15459
6244
3975
10740
31215
21110
5800
29451
17002
1909
8599
25474
4814
14628
22043
280
10533
14610
12714
7219
21165
6643
28801
27604
18197
19775
6355
10697
10521
26632
21435
16273
2352
21869
1451
14170
1228
13955
30204
14301
27880
22790
12725
4706
6918
17420
31095
30029
14705
16840
2399
23184
2342
17494
31989
26891
5123
24838
265
32424
20445
6951
18267
4292
16184
25317
21567
28684
21996
28541
23125
6839
15948
32619
17318
9368
21530
13075
24132
6011
14118
20335
31308
259
8035
22775
992
2452
24053
8438
9544
20221
6697
15497
1959
4378
11095
16475
15904
20259
28533
19983
824
13066
31302
28514
24130
23488
27252
11905
18716
19573
17205
4428
13301
28667
6194
14906
4263
25606
31952
28157
26505
15062
32032
3808
9703
17465
786
2478
30106
15748
15953
26631
30433
1912
23365
21019
19704
31850
22592
20677
28462
26385
32179
11856
13286
31621
14024
13061
21829
4380
7866
23762
17047
23489
228
8719
10788
31816
28746
26669
25933
17050
10613
1723
17861
19113
18486
17255
18656
7688
7480
21074
15737
8518
6926
1154
21964
23461
19359
30181
16127
313
23202
24861
19760
3731
25544
10321
31155
24834
16201
13935
19702
17541
3322
20984
31813
17968
26386
13620
12927
2695
9031
12396
7394
22997
31570
19264
